{
 "cells": [
  {
   "cell_type": "code",
   "execution_count": 1,
   "metadata": {},
   "outputs": [],
   "source": [
    "import numpy as np\n",
    "from math import cos, sin, pi"
   ]
  },
  {
   "cell_type": "code",
   "execution_count": 2,
   "metadata": {},
   "outputs": [],
   "source": [
    "def axisAngle2RotMatrix(angle, x, y, z):\n",
    "    rotMatrix = np.zeros((3, 3))\n",
    "    c = cos(angle)\n",
    "    s = sin(angle)\n",
    "    t = 1 - c\n",
    "    \n",
    "    rotMatrix[0][0] = t*x*x + c\n",
    "    rotMatrix[0][1] = t*x*y - z*s\n",
    "    rotMatrix[0][2] = t*x*z + y*s\n",
    "    rotMatrix[1][0] = t*x*y + z*s\n",
    "    rotMatrix[1][1] = t*y*y + c\n",
    "    rotMatrix[1][2] = t*y*z - x*s\n",
    "    rotMatrix[2][0] = t*x*z - y*s\n",
    "    rotMatrix[2][1] = t*y*z + x*s\n",
    "    rotMatrix[2][2] = t*z*z + c\n",
    "    \n",
    "    return rotMatrix"
   ]
  },
  {
   "cell_type": "code",
   "execution_count": 3,
   "metadata": {},
   "outputs": [],
   "source": [
    "def quaternion2RotMatrix(qw, qx, qy, qz):\n",
    "    rotMatrix = np.zeros((3, 3))\n",
    "    \n",
    "    rotMatrix[0][0] = 1 - 2*qy*qy - 2*qz*qz\n",
    "    rotMatrix[0][1] = 2*qx*qy - 2*qz*qw\n",
    "    rotMatrix[0][2] = 2*qx*qz + 2*qy*qw\n",
    "    rotMatrix[1][0] = 2*qx*qy + 2*qz*qw\n",
    "    rotMatrix[1][1] = 1 - 2*qx*qx - 2*qz*qz\n",
    "    rotMatrix[1][2] = 2*qy*qz - 2*qx*qw\n",
    "    rotMatrix[2][0] = 2*qx*qz - 2*qy*qw\n",
    "    rotMatrix[2][1] = 2*qy*qz + 2*qx*qw\n",
    "    rotMatrix[2][2] = 1 - 2*qx*qx - 2*qy*qy\n",
    "    \n",
    "    return rotMatrix"
   ]
  },
  {
   "cell_type": "markdown",
   "metadata": {},
   "source": [
    "## Workspace to Camera "
   ]
  },
  {
   "cell_type": "code",
   "execution_count": 4,
   "metadata": {},
   "outputs": [
    {
     "name": "stdout",
     "output_type": "stream",
     "text": [
      "workspace to camera : \n",
      "[[ 0.98055909 -0.18705679  0.05927635]\n",
      " [ 0.04297736  0.49948047  0.86525849]\n",
      " [-0.19145985 -0.84588951  0.49780931]]\n",
      "\n",
      "[[153.024]\n",
      " [141.152]\n",
      " [730.066]]\n"
     ]
    }
   ],
   "source": [
    "rot_workspace2camera = axisAngle2RotMatrix(1.05994, -0.980796, 0.143717, 0.131851)\n",
    "transl_workspace2camera = np.array([[153.024], [141.152], [730.066]])\n",
    "\n",
    "print(\"workspace to camera : \")\n",
    "print(rot_workspace2camera, end='\\n\\n')\n",
    "print(transl_workspace2camera)"
   ]
  },
  {
   "cell_type": "code",
   "execution_count": 5,
   "metadata": {},
   "outputs": [
    {
     "name": "stdout",
     "output_type": "stream",
     "text": [
      "[[ 9.80559091e-01 -1.87056785e-01  5.92763485e-02  1.53024000e+02]\n",
      " [ 4.29773648e-02  4.99480472e-01  8.65258486e-01  1.41152000e+02]\n",
      " [-1.91459846e-01 -8.45889508e-01  4.97809311e-01  7.30066000e+02]\n",
      " [ 0.00000000e+00  0.00000000e+00  0.00000000e+00  1.00000000e+00]]\n"
     ]
    }
   ],
   "source": [
    "H_workspace2camera = np.identity(4)\n",
    "H_workspace2camera[0:3, 0:3] = rot_workspace2camera\n",
    "H_workspace2camera[0:3, 3:] = transl_workspace2camera\n",
    "\n",
    "print(H_workspace2camera)"
   ]
  },
  {
   "cell_type": "markdown",
   "metadata": {},
   "source": [
    "## Base to Camera"
   ]
  },
  {
   "cell_type": "code",
   "execution_count": 6,
   "metadata": {},
   "outputs": [
    {
     "name": "stdout",
     "output_type": "stream",
     "text": [
      "base to camera : \n",
      "[[ 0.98639795  0.13580996 -0.09259444]\n",
      " [-0.00861556 -0.51983084 -0.85422563]\n",
      " [-0.16414581  0.8434046  -0.51159026]]\n",
      "\n",
      "[[-277.846]\n",
      " [ 268.896]\n",
      " [ 949.266]]\n"
     ]
    }
   ],
   "source": [
    "rot_base2camera = axisAngle2RotMatrix(2.12059, 0.995523, 0.0419591, -0.0846939)\n",
    "transl_base2camera = np.array([[-277.846], [268.896], [949.266]])\n",
    "\n",
    "print(\"base to camera : \")\n",
    "print(rot_base2camera, end='\\n\\n')\n",
    "print(transl_base2camera)"
   ]
  },
  {
   "cell_type": "code",
   "execution_count": 7,
   "metadata": {},
   "outputs": [
    {
     "name": "stdout",
     "output_type": "stream",
     "text": [
      "[[ 9.86397950e-01  1.35809958e-01 -9.25944378e-02 -2.77846000e+02]\n",
      " [-8.61555926e-03 -5.19830837e-01 -8.54225631e-01  2.68896000e+02]\n",
      " [-1.64145810e-01  8.43404596e-01 -5.11590259e-01  9.49266000e+02]\n",
      " [ 0.00000000e+00  0.00000000e+00  0.00000000e+00  1.00000000e+00]]\n"
     ]
    }
   ],
   "source": [
    "H_base2camera = np.identity(4)\n",
    "H_base2camera[0:3, 0:3] = rot_base2camera\n",
    "H_base2camera[0:3, 3:] = transl_base2camera\n",
    "\n",
    "print(H_base2camera)"
   ]
  },
  {
   "cell_type": "markdown",
   "metadata": {},
   "source": [
    "## Camera to Base"
   ]
  },
  {
   "cell_type": "code",
   "execution_count": 8,
   "metadata": {},
   "outputs": [
    {
     "name": "stdout",
     "output_type": "stream",
     "text": [
      "camera to base : \n",
      "[[ 0.98639896 -0.00861553 -0.16414591]\n",
      " [ 0.13581002 -0.51983096  0.8434048 ]\n",
      " [-0.09259453 -0.85422584 -0.51159038]]\n",
      "\n",
      "[[ 432.20182161]\n",
      " [-623.10076015]\n",
      " [ 689.60624468]]\n"
     ]
    }
   ],
   "source": [
    "rot_camera2base = np.linalg.inv(rot_base2camera)\n",
    "transl_camera2base = -np.dot(rot_camera2base, transl_base2camera)\n",
    "\n",
    "print(\"camera to base : \")\n",
    "print(rot_camera2base, end='\\n\\n')\n",
    "print(transl_camera2base)"
   ]
  },
  {
   "cell_type": "code",
   "execution_count": 9,
   "metadata": {},
   "outputs": [
    {
     "name": "stdout",
     "output_type": "stream",
     "text": [
      "[[ 9.86398956e-01 -8.61552904e-03 -1.64145915e-01  4.32201822e+02]\n",
      " [ 1.35810024e-01 -5.19830962e-01  8.43404797e-01 -6.23100760e+02]\n",
      " [-9.25945255e-02 -8.54225841e-01 -5.11590378e-01  6.89606245e+02]\n",
      " [ 0.00000000e+00  0.00000000e+00  0.00000000e+00  1.00000000e+00]]\n"
     ]
    }
   ],
   "source": [
    "H_camera2base = np.identity(4)\n",
    "H_camera2base[0:3, 0:3] = rot_camera2base\n",
    "H_camera2base[0:3, 3:] = transl_camera2base\n",
    "\n",
    "print(H_camera2base)"
   ]
  },
  {
   "cell_type": "markdown",
   "metadata": {},
   "source": [
    "## Pattern Pose 1"
   ]
  },
  {
   "cell_type": "code",
   "execution_count": 12,
   "metadata": {},
   "outputs": [
    {
     "name": "stdout",
     "output_type": "stream",
     "text": [
      "pattern 1\n",
      "[[ 0.65916664 -0.74978431 -0.0576316 ]\n",
      " [ 0.01744206  0.09186109 -0.99561859]\n",
      " [ 0.75179365  0.65527406  0.07362947]]\n",
      "\n",
      "[[ -22.7016]\n",
      " [ -25.0085]\n",
      " [-214.411 ]]\n"
     ]
    }
   ],
   "source": [
    "rot_pattern_1 = axisAngle2RotMatrix(1.65858, 0.828637, -0.406277, 0.385096)\n",
    "transl_pattern_1 = np.array([[-22.7016], [-25.0085], [-214.411]])\n",
    "\n",
    "print(\"pattern 1\")\n",
    "print(rot_pattern_1, end = '\\n\\n')\n",
    "print(transl_pattern_1)"
   ]
  },
  {
   "cell_type": "code",
   "execution_count": 13,
   "metadata": {},
   "outputs": [
    {
     "name": "stdout",
     "output_type": "stream",
     "text": [
      "[[ 6.59166638e-01 -7.49784310e-01 -5.76316030e-02 -2.27016000e+01]\n",
      " [ 1.74420556e-02  9.18610858e-02 -9.95618589e-01 -2.50085000e+01]\n",
      " [ 7.51793647e-01  6.55274056e-01  7.36294672e-02 -2.14411000e+02]\n",
      " [ 0.00000000e+00  0.00000000e+00  0.00000000e+00  1.00000000e+00]]\n"
     ]
    }
   ],
   "source": [
    "H_pattern_1 = np.identity(4)\n",
    "H_pattern_1[0:3, 0:3] = rot_pattern_1\n",
    "H_pattern_1[0:3, 3:] = transl_pattern_1\n",
    "\n",
    "print(H_pattern_1)"
   ]
  },
  {
   "cell_type": "markdown",
   "metadata": {},
   "source": [
    "## Pattern Pose 2"
   ]
  },
  {
   "cell_type": "code",
   "execution_count": 14,
   "metadata": {},
   "outputs": [
    {
     "name": "stdout",
     "output_type": "stream",
     "text": [
      "pattern 2\n",
      "[[ 0.67390388 -0.73540595 -0.07093547]\n",
      " [ 0.24579338  0.31370434 -0.91715612]\n",
      " [ 0.69673479  0.60063951  0.39216447]]\n",
      "\n",
      "[[ -19.3167]\n",
      " [  23.9942]\n",
      " [-230.492 ]]\n"
     ]
    }
   ],
   "source": [
    "rot_pattern_2 = axisAngle2RotMatrix(1.37975, 0.772961, -0.390948, 0.499691)\n",
    "transl_pattern_2 = np.array([[-19.3167], [23.9942], [-230.492]])\n",
    "\n",
    "print(\"pattern 2\")\n",
    "print(rot_pattern_2, end = '\\n\\n')\n",
    "print(transl_pattern_2)"
   ]
  },
  {
   "cell_type": "code",
   "execution_count": 15,
   "metadata": {},
   "outputs": [
    {
     "name": "stdout",
     "output_type": "stream",
     "text": [
      "[[ 6.73903881e-01 -7.35405950e-01 -7.09354665e-02 -1.93167000e+01]\n",
      " [ 2.45793383e-01  3.13704343e-01 -9.17156120e-01  2.39942000e+01]\n",
      " [ 6.96734788e-01  6.00639513e-01  3.92164469e-01 -2.30492000e+02]\n",
      " [ 0.00000000e+00  0.00000000e+00  0.00000000e+00  1.00000000e+00]]\n"
     ]
    }
   ],
   "source": [
    "H_pattern_2 = np.identity(4)\n",
    "H_pattern_2[0:3, 0:3] = rot_pattern_2\n",
    "H_pattern_2[0:3, 3:] = transl_pattern_2\n",
    "\n",
    "print(H_pattern_2)"
   ]
  },
  {
   "cell_type": "markdown",
   "metadata": {},
   "source": [
    "## Tool to Base 1"
   ]
  },
  {
   "cell_type": "code",
   "execution_count": 16,
   "metadata": {},
   "outputs": [
    {
     "name": "stdout",
     "output_type": "stream",
     "text": [
      "tool to base 1\n",
      "[[ 0.00160396 -0.07171585  0.99742295]\n",
      " [-0.99909856 -0.04240509 -0.00144324]\n",
      " [ 0.04240021 -0.99652238 -0.07171839]]\n",
      "\n",
      "[[ 2.390e+02]\n",
      " [-1.000e-01]\n",
      " [ 5.657e+02]]\n"
     ]
    }
   ],
   "source": [
    "rot_tool2base_1 = quaternion2RotMatrix(0.47103, -0.52814, 0.50688, -0.49221)\n",
    "transl_tool2base_1 = np.array([[239.0], [-0.1], [565.7]])\n",
    "\n",
    "print(\"tool to base 1\")\n",
    "print(rot_tool2base_1, end = '\\n\\n')\n",
    "print(transl_tool2base_1)"
   ]
  },
  {
   "cell_type": "code",
   "execution_count": 17,
   "metadata": {},
   "outputs": [
    {
     "name": "stdout",
     "output_type": "stream",
     "text": [
      "[[ 1.60396300e-03 -7.17158538e-02  9.97422952e-01  2.39000000e+02]\n",
      " [-9.99098559e-01 -4.24050874e-02 -1.44324120e-03 -1.00000000e-01]\n",
      " [ 4.24002060e-02 -9.96522378e-01 -7.17183880e-02  5.65700000e+02]\n",
      " [ 0.00000000e+00  0.00000000e+00  0.00000000e+00  1.00000000e+00]]\n"
     ]
    }
   ],
   "source": [
    "H_tool2base_1 = np.identity(4)\n",
    "H_tool2base_1[0:3, 0:3] = rot_tool2base_1\n",
    "H_tool2base_1[0:3, 3:] = transl_tool2base_1\n",
    "\n",
    "print(H_tool2base_1)"
   ]
  },
  {
   "cell_type": "markdown",
   "metadata": {},
   "source": [
    "## Base to Tool 1"
   ]
  },
  {
   "cell_type": "code",
   "execution_count": 18,
   "metadata": {},
   "outputs": [
    {
     "name": "stdout",
     "output_type": "stream",
     "text": [
      "base to tool 1\n",
      "[[ 0.00160301 -0.99910031  0.04239942]\n",
      " [-0.07171512 -0.04240609 -0.99652419]\n",
      " [ 0.99742473 -0.00144239 -0.07171941]]\n",
      "\n",
      "[[ -24.46838297]\n",
      " [ 580.86940793]\n",
      " [-197.81298171]]\n"
     ]
    }
   ],
   "source": [
    "rot_base2tool_1 = np.linalg.inv(rot_tool2base_1)\n",
    "transl_base2tool_1 = -np.dot(rot_base2tool_1, transl_tool2base_1)\n",
    "\n",
    "print(\"base to tool 1\")\n",
    "print(rot_base2tool_1, end = '\\n\\n')\n",
    "print(transl_base2tool_1)"
   ]
  },
  {
   "cell_type": "code",
   "execution_count": 19,
   "metadata": {},
   "outputs": [
    {
     "name": "stdout",
     "output_type": "stream",
     "text": [
      "[[ 1.60300665e-03 -9.99100314e-01  4.23994243e-02 -2.44683830e+01]\n",
      " [-7.17151240e-02 -4.24060859e-02 -9.96524189e-01  5.80869408e+02]\n",
      " [ 9.97424729e-01 -1.44238582e-03 -7.17194146e-02 -1.97812982e+02]\n",
      " [ 0.00000000e+00  0.00000000e+00  0.00000000e+00  1.00000000e+00]]\n"
     ]
    }
   ],
   "source": [
    "H_base2tool_1 = np.identity(4)\n",
    "H_base2tool_1[0:3, 0:3] = rot_base2tool_1\n",
    "H_base2tool_1[0:3, 3:] = transl_base2tool_1\n",
    "\n",
    "print(H_base2tool_1)"
   ]
  },
  {
   "cell_type": "markdown",
   "metadata": {},
   "source": [
    "## Tool to Base 2"
   ]
  },
  {
   "cell_type": "code",
   "execution_count": 20,
   "metadata": {},
   "outputs": [
    {
     "name": "stdout",
     "output_type": "stream",
     "text": [
      "tool to base 2\n",
      "[[ 0.02472863 -0.06713657  0.99743955]\n",
      " [-0.93145213 -0.36386983 -0.00139671]\n",
      " [ 0.3630288  -0.92903052 -0.07153542]]\n",
      "\n",
      "[[ 2.390e+02]\n",
      " [-1.000e-01]\n",
      " [ 5.657e+02]]\n"
     ]
    }
   ],
   "source": [
    "rot_tool2base_2 = quaternion2RotMatrix(0.38384, -0.60418, 0.41320, -0.56294)\n",
    "transl_tool2base_2 = np.array([[239.0], [-0.1], [565.7]])\n",
    "\n",
    "print(\"tool to base 2\")\n",
    "print(rot_tool2base_2, end = '\\n\\n')\n",
    "print(transl_tool2base_2)"
   ]
  },
  {
   "cell_type": "code",
   "execution_count": 21,
   "metadata": {},
   "outputs": [
    {
     "name": "stdout",
     "output_type": "stream",
     "text": [
      "[[ 2.47286328e-02 -6.71365728e-02  9.97439554e-01  2.39000000e+02]\n",
      " [-9.31452131e-01 -3.63869832e-01 -1.39671360e-03 -1.00000000e-01]\n",
      " [ 3.63028802e-01 -9.29030518e-01 -7.15354248e-02  5.65700000e+02]\n",
      " [ 0.00000000e+00  0.00000000e+00  0.00000000e+00  1.00000000e+00]]\n"
     ]
    }
   ],
   "source": [
    "H_tool2base_2 = np.identity(4)\n",
    "H_tool2base_2[0:3, 0:3] = rot_tool2base_2\n",
    "H_tool2base_2[0:3, 3:] = transl_tool2base_2\n",
    "\n",
    "print(H_tool2base_2)"
   ]
  },
  {
   "cell_type": "markdown",
   "metadata": {},
   "source": [
    "##  Base to Tool 2"
   ]
  },
  {
   "cell_type": "code",
   "execution_count": 22,
   "metadata": {},
   "outputs": [
    {
     "name": "stdout",
     "output_type": "stream",
     "text": [
      "base to tool 2\n",
      "[[ 0.0247318  -0.93144712  0.36302908]\n",
      " [-0.06713834 -0.3638654  -0.92902537]\n",
      " [ 0.99743486 -0.00139884 -0.07153195]]\n",
      "\n",
      "[[-211.36959749]\n",
      " [ 541.55932782]\n",
      " [-197.9214487 ]]\n"
     ]
    }
   ],
   "source": [
    "rot_base2tool_2 = np.linalg.inv(rot_tool2base_2)\n",
    "transl_base2tool_2 = -np.dot(rot_base2tool_2, transl_tool2base_2)\n",
    "\n",
    "print(\"base to tool 2\")\n",
    "print(rot_base2tool_2, end = '\\n\\n')\n",
    "print(transl_base2tool_2)"
   ]
  },
  {
   "cell_type": "code",
   "execution_count": 23,
   "metadata": {},
   "outputs": [
    {
     "name": "stdout",
     "output_type": "stream",
     "text": [
      "[[ 2.47317993e-02 -9.31447118e-01  3.63029084e-01 -2.11369597e+02]\n",
      " [-6.71383441e-02 -3.63865404e-01 -9.29025367e-01  5.41559328e+02]\n",
      " [ 9.97434856e-01 -1.39884409e-03 -7.15319458e-02 -1.97921449e+02]\n",
      " [ 0.00000000e+00  0.00000000e+00  0.00000000e+00  1.00000000e+00]]\n"
     ]
    }
   ],
   "source": [
    "H_base2tool_2 = np.identity(4)\n",
    "H_base2tool_2[0:3, 0:3] = rot_base2tool_2\n",
    "H_base2tool_2[0:3, 3:] = transl_base2tool_2\n",
    "\n",
    "print(H_base2tool_2)"
   ]
  },
  {
   "cell_type": "markdown",
   "metadata": {},
   "source": [
    "## Calculate Pattern to Tool"
   ]
  },
  {
   "cell_type": "code",
   "execution_count": 25,
   "metadata": {},
   "outputs": [
    {
     "name": "stdout",
     "output_type": "stream",
     "text": [
      "[[ 3.55475964e-02  4.00510765e-02 -9.98565656e-01  2.21406609e+01]\n",
      " [ 7.25035780e-01  6.86642650e-01  5.33495372e-02  1.55694191e+02]\n",
      " [ 6.87794589e-01 -7.25891593e-01 -4.62930517e-03  2.19957168e+02]\n",
      " [ 0.00000000e+00  0.00000000e+00  0.00000000e+00  1.00000000e+00]]\n"
     ]
    }
   ],
   "source": [
    "tmp1 = np.dot(H_workspace2camera, H_pattern_1)\n",
    "tmp2 = np.dot(H_camera2base, tmp1)\n",
    "H_pattern2tool_1 = np.dot(H_base2tool_1, tmp2)\n",
    "\n",
    "print(H_pattern2tool_1)"
   ]
  },
  {
   "cell_type": "code",
   "execution_count": 26,
   "metadata": {},
   "outputs": [
    {
     "name": "stdout",
     "output_type": "stream",
     "text": [
      "[[ 3.24962581e-02  4.29634567e-02 -9.98545988e-01  2.21440077e+01]\n",
      " [ 7.24346748e-01  6.87379793e-01  5.31503648e-02  1.56249164e+02]\n",
      " [ 6.88664564e-01 -7.25024313e-01 -8.78636360e-03  2.20190558e+02]\n",
      " [ 0.00000000e+00  0.00000000e+00  0.00000000e+00  1.00000000e+00]]\n"
     ]
    }
   ],
   "source": [
    "tmp3 = np.dot(H_workspace2camera, H_pattern_2)\n",
    "tmp4 = np.dot(H_camera2base, tmp3)\n",
    "H_pattern2tool_2 = np.dot(H_base2tool_2, tmp4)\n",
    "\n",
    "print(H_pattern2tool_2)"
   ]
  },
  {
   "cell_type": "code",
   "execution_count": null,
   "metadata": {},
   "outputs": [],
   "source": []
  }
 ],
 "metadata": {
  "kernelspec": {
   "display_name": "Python 3",
   "language": "python",
   "name": "python3"
  },
  "language_info": {
   "codemirror_mode": {
    "name": "ipython",
    "version": 3
   },
   "file_extension": ".py",
   "mimetype": "text/x-python",
   "name": "python",
   "nbconvert_exporter": "python",
   "pygments_lexer": "ipython3",
   "version": "3.7.3"
  }
 },
 "nbformat": 4,
 "nbformat_minor": 2
}
